
$orca_hessian_file

$act_atom
  0

$act_coord
  0

$act_energy
        0.000000

$multiplicity
  1

$hessian
9
                    0                  1                  2                  3                  4        
    0      6.7996861469E-01   1.0884986553E-04  -9.5618471376E-12  -3.4020902078E-01   2.6541170732E-01
    1      1.0884986553E-04   4.6299068375E-01  -1.2589918551E-11   2.0195781513E-01  -2.3126637310E-01
    2     -9.5618471376E-12  -1.2589918551E-11   1.3637689032E-04  -1.1110479417E-11   1.2256832429E-13
    3     -3.4020902078E-01   2.0195781513E-01  -1.1110479417E-11   3.6940353487E-01  -2.3366486880E-01
    4      2.6541170732E-01  -2.3126637310E-01   1.2256832429E-13  -2.3366486880E-01   2.1914153220E-01
    5      3.4095401045E-12   1.6574105699E-11  -6.7358666539E-05   1.4104081478E-11  -4.1863360068E-12
    6     -3.3975959391E-01  -2.0206582551E-01   1.0270632855E-11  -2.9194514087E-02  -3.1626634632E-02
    7     -2.6552139667E-01  -2.3172431066E-01   7.8299078720E-12   3.1586849767E-02   1.2124840902E-02
    8      1.6554000732E-11   6.5325520633E-13  -6.9018223782E-05  -5.2177588733E-12   6.1647424806E-12
                    5                  6                  7                  8        
     0      3.4095401045E-12  -3.3975959391E-01  -2.6552139667E-01   1.6554000732E-11
     1      1.6574105699E-11  -2.0206582551E-01  -2.3172431066E-01   6.5325520633E-13
     2     -6.7358666539E-05   1.0270632855E-11   7.8299078720E-12  -6.9018223782E-05
     3      1.4104081478E-11  -2.9194514087E-02   3.1586849767E-02  -5.2177588733E-12
     4     -4.1863360068E-12  -3.1626634632E-02   1.2124840902E-02   6.1647424806E-12
     5      8.7391122456E-05  -1.5289464772E-11  -1.4488744490E-11  -2.0032455917E-05
     6     -1.5289464772E-11   3.6895410800E-01   2.3381350353E-01  -3.1587049713E-12
     7     -1.4488744490E-11   2.3381350353E-01   2.1959946975E-01  -7.9580534285E-14
     8     -2.0032455917E-05  -3.1587049713E-12  -7.9580534285E-14   8.9050679699E-05

$vibrational_frequencies
9
    0        0.0000000000000000
    1        0.0000000000000000
    2        0.0000000000000000
    3        0.0000000000000000
    4        0.0000000000000000
    5        0.0000000000000000
    6     1653.2488453171120000
    7     3813.5808151939181698
    8     3932.7349821305319892

$normal_modes
9 9
                    0                  1                  2                  3                  4        
    0      0.0000000000E+00   0.0000000000E+00   0.0000000000E+00   0.0000000000E+00   0.0000000000E+00
    1      0.0000000000E+00   0.0000000000E+00   0.0000000000E+00   0.0000000000E+00   0.0000000000E+00
    2      0.0000000000E+00   0.0000000000E+00   0.0000000000E+00   0.0000000000E+00   0.0000000000E+00
    3      0.0000000000E+00   0.0000000000E+00   0.0000000000E+00   0.0000000000E+00   0.0000000000E+00
    4      0.0000000000E+00   0.0000000000E+00   0.0000000000E+00   0.0000000000E+00   0.0000000000E+00
    5      0.0000000000E+00   0.0000000000E+00   0.0000000000E+00   0.0000000000E+00   0.0000000000E+00
    6      0.0000000000E+00   0.0000000000E+00   0.0000000000E+00   0.0000000000E+00   0.0000000000E+00
    7      0.0000000000E+00   0.0000000000E+00   0.0000000000E+00   0.0000000000E+00   0.0000000000E+00
    8      0.0000000000E+00   0.0000000000E+00   0.0000000000E+00   0.0000000000E+00   0.0000000000E+00
                    5                  6                  7                  8        
     0      0.0000000000E+00   3.4241573294E-05  -3.2140554502E-05   7.0065071591E-02
     1      0.0000000000E+00  -7.0292850909E-02   5.0400229302E-02   3.9808513740E-05
     2      0.0000000000E+00   8.0383669837E-18   9.3257039672E-18  -1.0987440651E-17
     3      0.0000000000E+00   4.3139758184E-01   5.8227597050E-01  -5.5618280756E-01
     4      0.0000000000E+00   5.5805489472E-01  -3.9974148822E-01   4.3369779589E-01
     5      0.0000000000E+00   7.0977536084E-18  -1.1718369926E-16   1.5491302804E-16
     6      0.0000000000E+00  -4.3194106491E-01  -5.8176583486E-01  -5.5589167695E-01
     7      0.0000000000E+00   5.5763490855E-01  -4.0021215126E-01  -4.3432963757E-01
     8      0.0000000000E+00  -1.3468290576E-16  -3.0834096146E-17   1.9479891581E-17

#
# The atoms: label  mass x y z (in bohrs)
#
$atoms
3
 O     15.99900     -0.000060851201     0.125144640161     0.000000000000
 H      1.00800      1.433186895422    -0.992453662620     0.000000000000
 H      1.00800     -1.432221063705    -0.993845045657     0.000000000000

$actual_temperature
  0.000000

$frequency_scale_factor
  1.000000

$dipole_derivatives
9
   -4.8053942787E-01   -6.2987932575E-05   -1.0241825309E-11
   -5.8082659715E-05   -3.5238504141E-01   -3.8865675538E-11
   -5.0028476764E-11   -3.9822831473E-11   -6.5477965508E-01
    2.4022910496E-01    8.0635575365E-02    1.2432889258E-11
    6.7662290894E-02    1.7634589308E-01    4.3551295936E-11
    4.9200272582E-12   -8.5079235837E-11    3.2739266424E-01
    2.4037158595E-01   -8.0576815485E-02    9.5945387996E-12
   -6.7602477257E-02    1.7619748645E-01    3.1545691281E-12
   -4.0913860087E-11    4.7295575254E-11    3.2739110451E-01

#
# The IR spectrum
#  wavenumber eps Int TX TY TZ
#
$ir_spectrum
9
      0.00   0.00000000   0.00000000     0.000000     0.000000     0.000000
      0.00   0.00000000   0.00000000     0.000000     0.000000     0.000000
      0.00   0.00000000   0.00000000     0.000000     0.000000     0.000000
      0.00   0.00000000   0.00000000     0.000000     0.000000     0.000000
      0.00   0.00000000   0.00000000     0.000000     0.000000     0.000000
      0.00   0.00000000   0.00000000     0.000000     0.000000     0.000000
   1653.25   0.01509928  76.30557101    -0.000026     0.053386     0.000000
   3813.58   0.00077771   3.93022232     0.000007    -0.007977    -0.000000
   3932.73   0.01046201  52.87068630    -0.028813    -0.000014     0.000000


$end

